1729869808797 38.0 0
1729869808811 54.0 0
1729869808819 86.0 0
1729869808883 7.0 0
1729869808896 38.0 0
1729869808899 60.0 0
1729869808920 9.0 0
1729869808923 92.0 0
1729869808925 57.0 0
1729869808928 26.0 0
1729869808929 34.0 0
1729869808942 52.0 0
1729869808945 56.0 0
1729869808956 53.0 0
1729869808973 71.0 0
1729869808974 57.0 0
1729869808976 85.0 0
1729869808977 79.0 0
1729869808981 33.0 0
1729869808987 42.0 0
1729869808993 2.0 0
1729869808996 47.0 0
1729869808999 95.0 0
1729869809010 11.0 0
1729869809018 17.0 0
1729869809023 48.0 0
1729869809025 85.0 0
1729869809029 41.0 0
1729869809168 85.0 0
1729869809172 86.0 0
1729869809177 65.0 0
1729869809184 56.0 0
1729869809197 11.0 0
1729869809204 94.0 0
1729869809206 67.0 0
1729869809208 52.0 0
1729869809211 22.0 0
1729869809220 51.0 0
1729869809224 15.0 0
1729869809235 89.0 0
1729869809238 32.0 0
1729869809255 76.0 0
1729869809260 70.0 0
1729869809279 59.0 0
1729869809287 13.0 0
1729869809310 22.0 0
1729869809311 77.0 0
1729869809318 18.0 0
1729869809320 29.0 0
1729869809342 42.0 0
1729869809355 34.0 0
1729869809369 3.0 0
1729869809373 53.0 0
1729869809376 80.0 0
1729869809382 61.0 0
1729869809404 82.0 0
1729869809409 62.0 0
1729869809416 85.0 0
1729869809419 41.0 0
1729869809421 41.0 0
1729869809443 35.0 0
1729869809468 95.0 0
1729869809479 27.0 0
1729869809505 14.0 0
1729869809509 45.0 0
1729869809621 40.0 0
1729869809636 15.0 0
1729869809645 57.0 0
1729869809651 33.0 0
1729869809653 76.0 0
1729869809656 80.0 0
1729869809657 65.0 0
1729869809661 94.0 0
1729869809663 91.0 0
1729869809668 35.0 0
1729869809672 48.0 0
1729869809678 13.0 0
1729869809681 76.0 0
1729869809683 23.0 0
1729869809685 73.0 0
1729869809688 95.0 0
1729869809692 35.0 0
1729869809694 77.0 0
1729869809699 60.0 0
1729869809701 84.0 0
1729869809703 54.0 0
1729869809704 34.0 0
1729869809711 77.0 0
1729869809712 30.0 0
1729869809717 58.0 0
1729869809721 44.0 0
1729869809728 92.0 0
1729869809736 49.0 0
1729869809741 90.0 0
1729869809745 23.0 0
1729869809747 97.0 0
1729869809750 74.0 0
1729869809758 47.0 0
1729869809759 80.0 0
1729869809760 54.0 0
1729869809761 35.0 0
1729869809773 51.0 0
1729869809777 64.0 0
1729869809796 91.0 0
1729869809804 59.0 0
1729869809805 64.0 0
1729869809806 2.0 0
1729869809809 49.0 0
1729869809809 10.0 0
1729869809811 12.0 0
1729869809818 59.0 0
1729869809821 53.0 0
1729869809829 79.0 0
1729869809830 42.0 0
1729869809831 77.0 0
1729869809835 13.0 0
1729869809838 17.0 0
1729869809841 86.0 0
1729869809842 18.0 0
1729869809852 98.0 0
1729869809853 50.0 0
1729869809854 50.0 0
1729869809855 26.0 0
1729869809857 68.0 0
1729869809858 42.0 0
1729869809860 14.0 0
