1729869808795 55.0 0
1729869808799 59.0 0
1729869808801 43.0 0
1729869808817 73.0 0
1729869808824 4.0 0
1729869808868 92.0 0
1729869808880 30.0 0
1729869808885 62.0 0
1729869808887 0.0 0
1729869808890 90.0 0
1729869808892 35.0 0
1729869808904 68.0 0
1729869808908 23.0 0
1729869808934 10.0 0
1729869808935 36.0 0
1729869808937 46.0 0
1729869808939 80.0 0
1729869808951 26.0 0
1729869808957 72.0 0
1729869808958 27.0 0
1729869808964 37.0 0
1729869808967 70.0 0
1729869808968 9.0 0
1729869808971 11.0 0
1729869808979 90.0 0
1729869808983 25.0 0
1729869808991 10.0 0
1729869808995 82.0 0
1729869809021 53.0 0
1729869809170 73.0 0
1729869809186 70.0 0
1729869809192 88.0 0
1729869809202 83.0 0
1729869809210 16.0 0
1729869809217 17.0 0
1729869809242 87.0 0
1729869809244 77.0 0
1729869809245 19.0 0
1729869809252 86.0 0
1729869809262 65.0 0
1729869809269 42.0 0
1729869809273 10.0 0
1729869809275 28.0 0
1729869809276 63.0 0
1729869809281 42.0 0
1729869809286 34.0 0
1729869809294 81.0 0
1729869809295 2.0 0
1729869809296 70.0 0
1729869809298 88.0 0
1729869809300 70.0 0
1729869809304 12.0 0
1729869809305 48.0 0
1729869809316 52.0 0
1729869809323 34.0 0
1729869809326 26.0 0
1729869809328 28.0 0
1729869809332 75.0 0
1729869809334 44.0 0
1729869809339 33.0 0
1729869809340 95.0 0
1729869809343 46.0 0
1729869809346 68.0 0
1729869809348 34.0 0
1729869809351 56.0 0
1729869809353 56.0 0
1729869809360 33.0 0
1729869809362 97.0 0
1729869809364 17.0 0
1729869809380 84.0 0
1729869809385 56.0 0
1729869809387 75.0 0
1729869809390 64.0 0
1729869809394 25.0 0
1729869809396 20.0 0
1729869809413 9.0 0
1729869809445 38.0 0
1729869809452 22.0 0
1729869809454 28.0 0
1729869809456 13.0 0
1729869809460 26.0 0
1729869809470 69.0 0
1729869809474 91.0 0
1729869809476 93.0 0
1729869809478 60.0 0
1729869809485 71.0 0
1729869809491 44.0 0
1729869809502 90.0 0
1729869809627 9.0 0
1729869809643 3.0 0
1729869809654 48.0 0
1729869809666 82.0 0
1729869809673 16.0 0
1729869809677 45.0 0
1729869809684 97.0 0
1729869809686 40.0 0
1729869809689 8.0 0
1729869809691 37.0 0
1729869809693 10.0 0
1729869809696 3.0 0
1729869809706 50.0 0
1729869809708 27.0 0
1729869809716 4.0 0
1729869809719 70.0 0
1729869809720 27.0 0
1729869809723 1.0 0
1729869809725 89.0 0
1729869809726 91.0 0
1729869809733 18.0 0
1729869809738 39.0 0
1729869809742 46.0 0
1729869809743 51.0 0
1729869809753 6.0 0
1729869809757 30.0 0
1729869809762 0.0 0
1729869809763 28.0 0
1729869809766 86.0 0
1729869809768 99.0 0
1729869809771 87.0 0
1729869809772 6.0 0
1729869809774 93.0 0
1729869809778 97.0 0
1729869809779 55.0 0
1729869809783 88.0 0
1729869809784 54.0 0
1729869809786 64.0 0
1729869809787 20.0 0
1729869809788 18.0 0
1729869809789 53.0 0
1729869809790 55.0 0
1729869809807 38.0 0
1729869809819 7.0 0
1729869809820 16.0 0
1729869809823 26.0 0
1729869809836 22.0 0
1729869809839 25.0 0
1729869809840 46.0 0
1729869809845 10.0 0
1729869809846 67.0 0
1729869809850 86.0 0
1729869809851 64.0 0
1729869809859 91.0 0
