1729869808794 71.0 0
1729869808803 5.0 0
1729869808806 41.0 0
1729869808809 21.0 0
1729869808814 95.0 0
1729869808862 68.0 0
1729869808878 10.0 0
1729869808888 60.0 0
1729869808894 74.0 0
1729869808906 93.0 0
1729869808932 62.0 0
1729869808941 12.0 0
1729869808944 57.0 0
1729869808947 96.0 0
1729869808949 28.0 0
1729869808954 46.0 0
1729869808970 10.0 0
1729869808984 59.0 0
1729869808989 96.0 0
1729869809000 5.0 0
1729869809007 68.0 0
1729869809012 28.0 0
1729869809015 84.0 0
1729869809019 19.0 0
1729869809027 31.0 0
1729869809099 38.0 0
1729869809101 79.0 0
1729869809161 57.0 0
1729869809165 49.0 0
1729869809174 7.0 0
1729869809179 5.0 0
1729869809182 9.0 0
1729869809188 88.0 0
1729869809190 53.0 0
1729869809194 22.0 0
1729869809200 55.0 0
1729869809214 13.0 0
1729869809226 25.0 0
1729869809228 80.0 0
1729869809230 27.0 0
1729869809232 45.0 0
1729869809239 66.0 0
1729869809247 10.0 0
1729869809250 15.0 0
1729869809258 27.0 0
1729869809265 83.0 0
1729869809267 24.0 0
1729869809271 63.0 0
1729869809278 16.0 0
1729869809283 91.0 0
1729869809289 41.0 0
1729869809291 73.0 0
1729869809292 10.0 0
1729869809302 27.0 0
1729869809306 86.0 0
1729869809308 18.0 0
1729869809313 6.0 0
1729869809321 25.0 0
1729869809324 22.0 0
1729869809327 12.0 0
1729869809330 26.0 0
1729869809337 96.0 0
1729869809345 2.0 0
1729869809357 56.0 0
1729869809366 24.0 0
1729869809367 35.0 0
1729869809371 72.0 0
1729869809375 47.0 0
1729869809400 59.0 0
1729869809411 15.0 0
1729869809424 71.0 0
1729869809440 16.0 0
1729869809449 11.0 0
1729869809458 93.0 0
1729869809461 40.0 0
1729869809463 96.0 0
1729869809467 77.0 0
1729869809472 82.0 0
1729869809488 18.0 0
1729869809494 5.0 0
1729869809625 63.0 0
1729869809630 35.0 0
1729869809638 46.0 0
1729869809641 46.0 0
1729869809659 15.0 0
1729869809660 50.0 0
1729869809670 85.0 0
1729869809674 37.0 0
1729869809675 46.0 0
1729869809676 48.0 0
1729869809679 35.0 0
1729869809690 66.0 0
1729869809702 28.0 0
1729869809709 41.0 0
1729869809710 13.0 0
1729869809713 9.0 0
1729869809722 98.0 0
1729869809724 85.0 0
1729869809727 20.0 0
1729869809729 98.0 0
1729869809732 80.0 0
1729869809735 97.0 0
1729869809740 28.0 0
1729869809744 51.0 0
1729869809752 76.0 0
1729869809754 80.0 0
1729869809756 84.0 0
1729869809769 76.0 0
1729869809770 81.0 0
1729869809775 50.0 0
1729869809781 16.0 0
1729869809785 18.0 0
1729869809791 98.0 0
1729869809792 81.0 0
1729869809793 49.0 0
1729869809794 98.0 0
1729869809795 86.0 0
1729869809797 97.0 0
1729869809800 32.0 0
1729869809803 68.0 0
1729869809808 64.0 0
1729869809810 42.0 0
1729869809813 84.0 0
1729869809814 70.0 0
1729869809817 29.0 0
1729869809822 49.0 0
1729869809825 52.0 0
1729869809826 83.0 0
1729869809827 80.0 0
1729869809828 85.0 0
1729869809843 54.0 0
1729869809856 35.0 0
